M =

      0    957     54     37
      1   1114     36     32
      2    956    108    106
      3    907    128    127
      4    928     90     75
      5    782     94    142
      6    883     37     96
      7    950     73     98
      8    855    107    156
      9    877     64    152

E =

   -1    0    1    2    3    4    5    6    7    8    9
    0    0    0    4    1    0    6    8    3    1    0
    1    0    0    4    3    0    3    1    1    9    0
    2    8    6    0   14    7    4    7   10   19    1
    3    3    2   16    0    2   28    0   10   35    7
    4    2    2   11    0    0    1    5    5    3   25
    5   10    6    9   52    5    0    7    0   17    4
    6   14    3   22    3    8   19    0    2    4    0
    7    0    5   28    8   10    1    0    0    6   20
    8    7    7    9   39    8   25    8    9    0    7
    9   10    5    5    8   50    7    1   33   13    0

Q =

   0.00000   0.96224   0.02347   0.01429
   1.00000   0.97181   0.01850   0.00969
   2.00000   0.89729   0.07364   0.02907
   3.00000   0.87426   0.10198   0.02376
   4.00000   0.92363   0.05499   0.02138
   5.00000   0.84081   0.12332   0.03587
   6.00000   0.89979   0.07829   0.02192
   7.00000   0.90467   0.07588   0.01946
   8.00000   0.83984   0.12218   0.03799
   9.00000   0.84936   0.13082   0.01982
   0.00000   0.89637   0.08031   0.02333
   
M =

      0  &  957   &  54  &   37  \\\hline
      1  & 1114   &  36  &   32  \\\hline
      2  &  956   & 108  &  106  \\\hline
      3  &  907   & 128  &  127  \\\hline
      4  &  928   &  90  &   75  \\\hline
      5  &  782   &  94  &  142  \\\hline
      6  &  883   &  37  &   96  \\\hline
      7  &  950   &  73  &   98  \\\hline
      8  &  855   & 107  &  156  \\\hline
      9  &  877   &  64  &  152  \\\hline

E =

   -1  &  0  &  1  &  2  &  3  &  4  &  5  &  6  &  7  &  8  &  9  \\\hline
    0  &  -  &  0  &  4  &  1  &  0  &  6  &  8  &  3  &  1  &  0  \\\hline
    1  &  0  &  -  &  4  &  3  &  0  &  3  &  1  &  1  &  9  &  0  \\\hline
    2  &  8  &  6  &  -  & 14  &  7  &  4  &  7  & 10  & 19  &  1  \\\hline
    3  &  3  &  2  & 16  &  -  &  2  & 28  &  0  & 10  & 35  &  7  \\\hline
    4  &  2  &  2  & 11  &  0  &  -  &  1  &  5  &  5  &  3  & 25  \\\hline
    5  & 10  &  6  &  9  & 52  &  5  &  -  &  7  &  0  & 17  &  4  \\\hline
    6  & 14  &  3  & 22  &  3  &  8  & 19  &  -  &  2  &  4  &  0  \\\hline
    7  &  0  &  5  & 28  &  8  & 10  &  1  &  0  &  -  &  6  & 20  \\\hline
    8  &  7  &  7  &  9  & 39  &  8  & 25  &  8  &  9  &  -  &  7  \\\hline
    9  & 10  &  5  &  5  &  8  & 50  &  7  &  1  & 33  & 13  &  -  \\\hline

Q =

   0 &  0.96224  & 0.02347  & 0.01429  \\\hline
   1 &  0.97181  & 0.01850  & 0.00969  \\\hline
   2 &  0.89729  & 0.07364  & 0.02907  \\\hline
   3 &  0.87426  & 0.10198  & 0.02376  \\\hline
   4 &  0.92363  & 0.05499  & 0.02138  \\\hline
   5 &  0.84081  & 0.12332  & 0.03587  \\\hline
   6 &  0.89979  & 0.07829  & 0.02192  \\\hline
   7 &  0.90467  & 0.07588  & 0.01946  \\\hline
   8 &  0.83984  & 0.12218  & 0.03799  \\\hline
   9 &  0.84936  & 0.13082  & 0.01982  \\\hline
   Suma &  0.89637  & 0.08031  & 0.02333  \\\hline
   
   
   
test =

   0.00000   1.00000   0.99716   0.00284
   0.00000   2.00000   0.94384   0.05616
   0.00000   3.00000   0.98844   0.01156
   0.00000   4.00000   0.99745   0.00255
   0.00000   5.00000   0.77564   0.22436
   0.00000   6.00000   0.97936   0.02064
   0.00000   7.00000   0.99651   0.00349
   0.00000   8.00000   0.97339   0.02661
   0.00000   9.00000   0.98693   0.01307
   1.00000   2.00000   0.92755   0.07245
   1.00000   3.00000   0.96876   0.03124
   1.00000   4.00000   0.99764   0.00236
   1.00000   5.00000   0.96645   0.03355
   1.00000   6.00000   0.99331   0.00669
   1.00000   7.00000   0.98613   0.01387
   1.00000   8.00000   0.74301   0.25699
   1.00000   9.00000   0.98881   0.01119
   2.00000   3.00000   0.97747   0.02253
   2.00000   4.00000   0.99156   0.00844
   2.00000   5.00000   0.97037   0.02963
   2.00000   6.00000   0.98995   0.01005
   2.00000   7.00000   0.99029   0.00971
   2.00000   8.00000   0.91775   0.08225
   2.00000   9.00000   0.98530   0.01470
   3.00000   4.00000   0.99448   0.00552
   3.00000   5.00000   0.94900   0.05100
   3.00000   6.00000   0.99390   0.00610
   3.00000   7.00000   0.98970   0.01030
   3.00000   8.00000   0.92692   0.07308
   3.00000   9.00000   0.97920   0.02080
   4.00000   5.00000   0.96692   0.03308
   4.00000   6.00000   0.98866   0.01134
   4.00000   7.00000   0.98259   0.01741
   4.00000   8.00000   0.92178   0.07822
   4.00000   9.00000   0.54144   0.45856
   5.00000   6.00000   0.98811   0.01189
   5.00000   7.00000   0.99531   0.00469
   5.00000   8.00000   0.92658   0.07342
   5.00000   9.00000   0.97896   0.02104
   6.00000   7.00000   0.98842   0.01158
   6.00000   8.00000   0.91667   0.08333
   6.00000   9.00000   0.98627   0.01373
   7.00000   8.00000   0.95455   0.04545
   7.00000   9.00000   0.50466   0.49534
   8.00000   9.00000   0.98386   0.01614
   
test =

   0 &   1 &   0.99716  & 0.00284  \\\hline
   0 &   2 &   0.94384  & 0.05616  \\\hline
   0 &   3 &   0.98844  & 0.01156  \\\hline
   0 &   4 &   0.99745  & 0.00255  \\\hline
   0 &   5 &   0.77564  & 0.22436  \\\hline
   0 &   6 &   0.97936  & 0.02064  \\\hline
   0 &   7 &   0.99651  & 0.00349  \\\hline
   0 &   8 &   0.97339  & 0.02661  \\\hline
   0 &   9 &   0.98693  & 0.01307  \\\hline
   1 &   2 &   0.92755  & 0.07245  \\\hline
   1 &   3 &   0.96876  & 0.03124  \\\hline
   1 &   4 &   0.99764  & 0.00236  \\\hline
   1 &   5 &   0.96645  & 0.03355  \\\hline
   1 &   6 &   0.99331  & 0.00669  \\\hline
   1 &   7 &   0.98613  & 0.01387  \\\hline
   1 &   8 &   0.74301  & 0.25699  \\\hline
   1 &   9 &   0.98881  & 0.01119  \\\hline
   2 &   3 &   0.97747  & 0.02253  \\\hline
   2 &   4 &   0.99156  & 0.00844  \\\hline
   2 &   5 &   0.97037  & 0.02963  \\\hline
   2 &   6 &   0.98995  & 0.01005  \\\hline
   2 &   7 &   0.99029  & 0.00971  \\\hline
   2 &   8 &   0.91775  & 0.08225  \\\hline
   2 &   9 &   0.98530  & 0.01470  \\\hline
   3 &   4 &   0.99448  & 0.00552  \\\hline
   3 &   5 &   0.94900  & 0.05100  \\\hline
   3 &   6 &   0.99390  & 0.00610  \\\hline
   3 &   7 &   0.98970  & 0.01030  \\\hline
   3 &   8 &   0.92692  & 0.07308  \\\hline
   3 &   9 &   0.97920  & 0.02080  \\\hline
   4 &   5 &   0.96692  & 0.03308  \\\hline
   4 &   6 &   0.98866  & 0.01134  \\\hline
   4 &   7 &   0.98259  & 0.01741  \\\hline
   4 &   8 &   0.92178  & 0.07822  \\\hline
   4 &   9 &   0.54144  & 0.45856  \\\hline
   5 &   6 &   0.98811  & 0.01189  \\\hline
   5 &   7 &   0.99531  & 0.00469  \\\hline
   5 &   8 &   0.92658  & 0.07342  \\\hline
   5 &   9 &   0.97896  & 0.02104  \\\hline
   6 &   7 &   0.98842  & 0.01158  \\\hline
   6 &   8 &   0.91667  & 0.08333  \\\hline
   6 &   9 &   0.98627  & 0.01373  \\\hline
   7 &   8 &   0.95455  & 0.04545  \\\hline
   7 &   9 &   0.50466  & 0.49534  \\\hline
   8 &   9 &   0.98386  & 0.01614  \\\hline
   

==================================== OVO2 ====================================================

M =

      0    960     55     36
      1   1116     34     38
      2    958    109    114
      3    920    144    131
      4    931    101     84
      5    759     94    187
      6    882     36    103
      7    946     71    105
      8    848    106    177
      9    868     62    175

